image: glass_full.pgm
resolution: 0.020000
origin: [-75.280000, -10.000000, 0.000000]
negate: 0
occupied_thresh: 0.65
free_thresh: 0.196

